{"name":"hm3d8","display":"HM3D (8-cam rig)","task":"rig","scene":"00810-CrMo8WxCyVb","traj":"traj_007","n_cams":8,"mono_cam":0,"extrinsics":[[[1.0,0.0,-0.0,0.0],[-0.0,1.0,-0.0,-0.0],[-0.0,0.0,1.0,0.0],[0.0,0.0,0.0,1.0]],[[0.789185,0.225619,-0.571212,0.0],[0.029914,0.914852,0.40268,-0.0],[0.613426,-0.334876,0.715239,0.0],[0.0,0.0,0.0,1.0]],[[0.297895,-0.261539,-0.918072,0.0],[0.10965,0.964745,-0.239256,-0.0],[0.94828,-0.029394,0.31607,0.0],[0.0,0.0,0.0,1.0]],[[-0.582994,-0.085755,-0.807938,0.0],[0.042374,0.989852,-0.13564,-0.0],[0.81137,-0.113312,-0.573444,0.0],[0.0,0.0,0.0,1.0]],[[-0.934569,-0.232763,-0.269077,0.0],[-0.239148,0.970939,-0.009286,-0.0],[0.263419,0.05567,-0.963074,0.0],[0.0,0.0,0.0,1.0]],[[-0.719085,0.181119,0.670904,0.0],[-0.035032,0.954763,-0.295298,-0.0],[-0.694038,-0.235848,-0.680211,0.0],[0.0,0.0,0.0,1.0]],[[-0.19699,-0.175786,0.964518,0.0],[-0.097811,0.98241,0.15907,-0.0],[-0.975514,-0.063005,-0.210718,0.0],[0.0,0.0,0.0,1.0]],[[0.652134,-0.063016,0.755481,0.0],[0.058299,0.997757,0.032901,-0.0],[-0.755859,0.022588,0.654344,0.0],[0.0,0.0,0.0,1.0]]],"frames":[{"ply":"hm3d8_f00.ply","mono_ply":"hm3d8_f00_mono.ply","pred":[[1.0,0.0,0.0,0.0],[0.0,1.0,0.0,0.0],[0.0,0.0,1.0,0.0],[0.0,0.0,0.0,1.0]],"gt":[[1.0,0.0,0.0,0.0],[0.0,1.0,0.0,-0.0],[-0.0,-0.0,1.0,0.0],[0.0,0.0,0.0,1.0]],"n_points":22000,"mono_n_points":16000},{"ply":"hm3d8_f01.ply","mono_ply":"hm3d8_f01_mono.ply","pred":[[0.907762,0.011026,0.419341,-0.000382],[-0.040783,0.997239,0.062063,-0.00014],[-0.417499,-0.07344,0.905705,0.001166],[0.0,0.0,0.0,1.0]],"gt":[[0.916214,0.020246,0.400178,-2.1e-05],[-0.047372,0.997192,0.058008,0.000128],[-0.39788,-0.072105,0.9146,-1.1e-05],[0.0,0.0,0.0,1.0]],"n_points":22000,"mono_n_points":16000},{"ply":"hm3d8_f02.ply","mono_ply":"hm3d8_f02_mono.ply","pred":[[0.737222,0.002735,0.675645,0.00061],[-0.086425,0.992159,0.090285,-0.001609],[-0.6701,-0.124953,0.731678,0.001586],[0.0,0.0,0.0,1.0]],"gt":[[0.728228,0.013746,0.685197,-2.1e-05],[-0.101732,0.99089,0.088243,0.000128],[-0.677742,-0.133968,0.722993,-1.1e-05],[0.0,0.0,0.0,1.0]],"n_points":22000,"mono_n_points":16000},{"ply":"hm3d8_f03.ply","mono_ply":"hm3d8_f03_mono.ply","pred":[[0.50288,-0.019266,0.864141,0.00129],[-0.138849,0.984967,0.102762,0.003962],[-0.853131,-0.171662,0.492646,0.000653],[0.0,0.0,0.0,1.0]],"gt":[[0.497488,-0.008433,0.86743,-2.1e-05],[-0.154256,0.983156,0.098027,0.000128],[-0.853646,-0.182573,0.487807,-1.1e-05],[0.0,0.0,0.0,1.0]],"n_points":22000,"mono_n_points":16000},{"ply":"hm3d8_f04.ply","mono_ply":"hm3d8_f04_mono.ply","pred":[[0.172625,-0.061683,0.983054,0.001371],[-0.201698,0.974675,0.096576,0.004447],[-0.964115,-0.214952,0.155812,0.000524],[0.0,0.0,0.0,1.0]],"gt":[[0.144106,-0.055834,0.987986,-2.1e-05],[-0.221263,0.971311,0.087164,0.000128],[-0.964508,-0.231166,0.127618,-1.1e-05],[0.0,0.0,0.0,1.0]],"n_points":22000,"mono_n_points":16000},{"ply":"hm3d8_f05.ply","mono_ply":"hm3d8_f05_mono.ply","pred":[[-0.305916,-0.141603,0.941469,0.001572],[-0.276959,0.959346,0.054298,0.00536],[-0.910884,-0.244137,-0.332698,0.000631],[0.0,0.0,0.0,1.0]],"gt":[[-0.332677,-0.138238,0.932854,-2.1e-05],[-0.293218,0.955329,0.037001,0.000128],[-0.896298,-0.26122,-0.35835,-1.1e-05],[0.0,0.0,0.0,1.0]],"n_points":21999,"mono_n_points":16000},{"ply":"hm3d8_f06.ply","mono_ply":"hm3d8_f06_mono.ply","pred":[[-0.458426,-0.173206,0.871691,0.001903],[-0.295713,0.954665,0.034176,0.008178],[-0.838093,-0.242103,-0.488862,0.000937],[0.0,0.0,0.0,1.0]],"gt":[[-0.4989,-0.172415,0.849336,-2.1e-05],[-0.312856,0.949758,0.00903,0.000128],[-0.808221,-0.261215,-0.527775,-1.1e-05],[0.0,0.0,0.0,1.0]],"n_points":22000,"mono_n_points":16000},{"ply":"hm3d8_f07.ply","mono_ply":"hm3d8_f07_mono.ply","pred":[[-0.563025,-0.198709,0.802195,0.0026],[-0.30662,0.951611,0.020517,0.00938],[-0.767454,-0.234418,-0.596709,0.001344],[0.0,0.0,0.0,1.0]],"gt":[[-0.598816,-0.194849,0.776822,-2.1e-05],[-0.32277,0.946409,-0.011422,0.000128],[-0.732966,-0.257574,-0.629616,-1.1e-05],[0.0,0.0,0.0,1.0]],"n_points":22000,"mono_n_points":16000},{"ply":"hm3d8_f08.ply","mono_ply":"hm3d8_f08_mono.ply","pred":[[-0.804916,-0.25961,0.533584,0.003434],[-0.329842,0.943245,-0.038643,0.009338],[-0.493268,-0.207102,-0.844864,0.001546],[0.0,0.0,0.0,1.0]],"gt":[[-0.834382,-0.257796,0.487184,-2.1e-05],[-0.336088,0.938513,-0.078987,0.000128],[-0.436865,-0.229642,-0.86972,-1.1e-05],[0.0,0.0,0.0,1.0]],"n_points":21999,"mono_n_points":16000},{"ply":"hm3d8_f09.ply","mono_ply":"hm3d8_f09_mono.ply","pred":[[-0.931301,-0.306316,0.197101,0.003738],[-0.32998,0.938632,-0.100417,0.009419],[-0.154246,-0.158558,-0.975227,0.001233],[0.0,0.0,0.0,1.0]],"gt":[[-0.944715,-0.307393,0.114115,-2.1e-05],[-0.322211,0.934814,-0.14934,0.000128],[-0.060771,-0.177853,-0.982179,-1.1e-05],[0.0,0.0,0.0,1.0]],"n_points":22000,"mono_n_points":16000},{"ply":"hm3d8_f10.ply","mono_ply":"hm3d8_f10_mono.ply","pred":[[-0.931601,-0.306674,0.195119,0.033703],[-0.329881,0.938758,-0.099553,-0.016243],[-0.152639,-0.15711,-0.975714,-0.519744],[0.0,0.0,0.0,1.0]],"gt":[[-0.944715,-0.307393,0.114115,-0.006184],[-0.322211,0.934814,-0.14934,-0.04046],[-0.060771,-0.177853,-0.982179,-0.467191],[0.0,0.0,0.0,1.0]],"n_points":22000,"mono_n_points":16000},{"ply":"hm3d8_f11.ply","mono_ply":"hm3d8_f11_mono.ply","pred":[[-0.932119,-0.304734,0.195682,0.066499],[-0.327634,0.939799,-0.097123,-0.033889],[-0.154305,-0.154642,-0.975846,-0.907268],[0.0,0.0,0.0,1.0]],"gt":[[-0.944715,-0.307393,0.114115,-0.011172],[-0.322211,0.934814,-0.14934,-0.073314],[-0.060771,-0.177853,-0.982179,-0.845351],[0.0,0.0,0.0,1.0]],"n_points":22000,"mono_n_points":16000},{"ply":"hm3d8_f12.ply","mono_ply":"hm3d8_f12_mono.ply","pred":[[-0.933419,-0.303243,0.191761,0.117517],[-0.325216,0.940832,-0.095236,-0.049947],[-0.151535,-0.151259,-0.97681,-1.334712],[0.0,0.0,0.0,1.0]],"gt":[[-0.944715,-0.307393,0.114115,-0.016236],[-0.322211,0.934814,-0.14934,-0.10666],[-0.060771,-0.177853,-0.982179,-1.229178],[0.0,0.0,0.0,1.0]],"n_points":22000,"mono_n_points":16000},{"ply":"hm3d8_f13.ply","mono_ply":"hm3d8_f13_mono.ply","pred":[[-0.914872,-0.333114,-0.228132,0.115334],[-0.301261,0.939408,-0.163566,-0.046579],[0.268795,-0.080915,-0.959793,-1.337286],[0.0,0.0,0.0,1.0]],"gt":[[-0.88647,-0.334649,-0.319658,-0.016236],[-0.276098,0.936767,-0.215031,-0.10666],[0.371405,-0.102362,-0.922811,-1.229178],[0.0,0.0,0.0,1.0]],"n_points":22000,"mono_n_points":16000},{"ply":"hm3d8_f14.ply","mono_ply":"hm3d8_f14_mono.ply","pred":[[-0.9124,-0.33457,-0.235772,-0.015681],[-0.302022,0.939112,-0.163861,-0.086617],[0.27624,-0.078299,-0.957894,-1.664063],[0.0,0.0,0.0,1.0]],"gt":[[-0.88647,-0.334649,-0.319658,-0.187096],[-0.276098,0.936767,-0.215031,-0.163717],[0.371405,-0.102362,-0.922811,-1.57382],[0.0,0.0,0.0,1.0]],"n_points":22000,"mono_n_points":16000},{"ply":"hm3d8_f15.ply","mono_ply":"hm3d8_f15_mono.ply","pred":[[-0.800787,-0.333386,-0.497588,-0.014529],[-0.267937,0.942404,-0.200213,-0.086012],[0.535677,-0.027006,-0.843991,-1.664068],[0.0,0.0,0.0,1.0]],"gt":[[-0.754392,-0.333916,-0.565148,-0.187096],[-0.234071,0.941194,-0.243649,-0.163717],[0.613272,-0.051522,-0.788189,-1.57382],[0.0,0.0,0.0,1.0]],"n_points":22000,"mono_n_points":16000},{"ply":"hm3d8_f16.ply","mono_ply":"hm3d8_f16_mono.ply","pred":[[-0.934975,-0.325842,-0.140176,-0.011894],[-0.305716,0.940642,-0.147413,-0.08658],[0.179889,-0.094973,-0.979091,-1.656906],[0.0,0.0,0.0,1.0]],"gt":[[-0.917874,-0.331211,-0.218646,-0.187096],[-0.289703,0.935714,-0.201274,-0.163717],[0.271254,-0.121402,-0.954821,-1.57382],[0.0,0.0,0.0,1.0]],"n_points":22000,"mono_n_points":16000},{"ply":"hm3d8_f17.ply","mono_ply":"hm3d8_f17_mono.ply","pred":[[-0.938524,-0.325311,-0.115522,-0.12824],[-0.308323,0.940419,-0.14335,-0.135672],[0.155273,-0.098919,-0.982907,-2.207906],[0.0,0.0,0.0,1.0]],"gt":[[-0.917874,-0.331211,-0.218646,-0.367311],[-0.289703,0.935714,-0.201274,-0.234593],[0.271254,-0.121402,-0.954821,-2.06356],[0.0,0.0,0.0,1.0]],"n_points":22000,"mono_n_points":16000},{"ply":"hm3d8_f18.ply","mono_ply":"hm3d8_f18_mono.ply","pred":[[-0.75898,-0.327533,-0.562736,-0.127045],[-0.252436,0.944689,-0.209375,-0.135553],[0.600188,-0.016857,-0.799681,-2.20832],[0.0,0.0,0.0,1.0]],"gt":[[-0.714324,-0.331709,-0.616206,-0.367311],[-0.223306,0.942537,-0.248513,-0.234593],[0.663231,-0.039917,-0.74735,-2.06356],[0.0,0.0,0.0,1.0]],"n_points":22000,"mono_n_points":16000},{"ply":"hm3d8_f19.ply","mono_ply":"hm3d8_f19_mono.ply","pred":[[-0.760557,-0.325562,-0.561748,-0.42581],[-0.250153,0.945338,-0.209187,-0.20154],[0.599146,-0.018576,-0.800424,-2.513653],[0.0,0.0,0.0,1.0]],"gt":[[-0.714324,-0.331709,-0.616206,-0.708926],[-0.223306,0.942537,-0.248513,-0.317681],[0.663231,-0.039917,-0.74735,-2.386849],[0.0,0.0,0.0,1.0]],"n_points":22000,"mono_n_points":16000}],"metrics":{"ate_rmse_m":0.0448,"drift_pct":12.608,"per_step_rot_med":0.468,"per_step_trans_med":0.0029,"path_length_m":2.63}}