{"name":"hm3d4_15m","display":"HM3D (4-cam rig)","task":"rig","scene":"00825-jgPBycuV1Jq","traj":"traj_007","n_cams":4,"mono_cam":0,"extrinsics":[[[1.0,0.0,0.0,-0.0],[0.0,1.0,0.0,-0.0],[-0.0,0.0,1.0,0.0],[0.0,0.0,0.0,1.0]],[[0.653423,0.097641,-0.75067,-0.0],[-0.11948,0.992519,0.025097,-0.0],[0.747505,0.073291,0.660201,0.0],[0.0,0.0,0.0,1.0]],[[0.01435,0.006758,-0.999874,-0.0],[0.006215,0.999957,0.006848,-0.0],[0.999878,-0.006312,0.014307,0.0],[0.0,0.0,0.0,1.0]],[[-0.869419,-0.160708,-0.467208,-0.0],[-0.079157,0.978714,-0.189352,-0.0],[0.487693,-0.127643,-0.863633,0.0],[0.0,0.0,0.0,1.0]]],"frames":[{"ply":"hm3d4_15m_f00.ply","mono_ply":"hm3d4_15m_f00_mono.ply","pred":[[1.0,0.0,0.0,0.0],[0.0,1.0,0.0,0.0],[0.0,0.0,1.0,0.0],[0.0,0.0,0.0,1.0]],"gt":[[1.0,-0.0,-0.0,0.0],[0.0,1.0,-0.0,0.0],[-0.0,-0.0,1.0,0.0],[0.0,0.0,0.0,1.0]],"n_points":22000,"mono_n_points":16000},{"ply":"hm3d4_15m_f01.ply","mono_ply":"hm3d4_15m_f01_mono.ply","pred":[[0.924927,-0.001076,0.380143,0.001372],[0.019657,0.998794,-0.044999,0.000381],[-0.379636,0.049093,0.923832,0.001494],[0.0,0.0,0.0,1.0]],"gt":[[0.932716,-0.002295,0.360604,0.0],[0.018441,0.998975,-0.041339,0.0],[-0.36014,0.045208,0.931802,0.0],[0.0,0.0,0.0,1.0]],"n_points":22000,"mono_n_points":16000},{"ply":"hm3d4_15m_f02.ply","mono_ply":"hm3d4_15m_f02_mono.ply","pred":[[0.926345,-0.001089,0.376674,0.116143],[0.019218,0.99883,-0.044374,-0.032118],[-0.376185,0.048344,0.925283,0.668454],[0.0,0.0,0.0,1.0]],"gt":[[0.932716,-0.002295,0.360604,0.115104],[0.018441,0.998975,-0.041339,-0.032616],[-0.36014,0.045208,0.931802,0.653252],[0.0,0.0,0.0,1.0]],"n_points":22000,"mono_n_points":16000},{"ply":"hm3d4_15m_f03.ply","mono_ply":"hm3d4_15m_f03_mono.ply","pred":[[0.926812,-0.001373,0.375524,0.205476],[0.019329,0.998842,-0.044052,-0.057835],[-0.375028,0.048087,0.925765,1.161748],[0.0,0.0,0.0,1.0]],"gt":[[0.932716,-0.002295,0.360604,0.198869],[0.018441,0.998975,-0.041339,-0.056352],[-0.36014,0.045208,0.931802,1.128644],[0.0,0.0,0.0,1.0]],"n_points":22000,"mono_n_points":16000},{"ply":"hm3d4_15m_f04.ply","mono_ply":"hm3d4_15m_f04_mono.ply","pred":[[0.926344,-0.001857,0.376675,0.27948],[0.019905,0.998832,-0.044029,-0.087917],[-0.376153,0.048283,0.925298,1.766888],[0.0,0.0,0.0,1.0]],"gt":[[0.932716,-0.002295,0.360604,0.30139],[0.018441,0.998975,-0.041339,-0.085403],[-0.36014,0.045208,0.931802,1.710484],[0.0,0.0,0.0,1.0]],"n_points":22000,"mono_n_points":16000},{"ply":"hm3d4_15m_f05.ply","mono_ply":"hm3d4_15m_f05_mono.ply","pred":[[0.934828,-0.001913,0.355095,0.312658],[0.017863,0.998973,-0.041645,-0.112719],[-0.354651,0.045274,0.933902,2.330629],[0.0,0.0,0.0,1.0]],"gt":[[0.932716,-0.002295,0.360604,0.330772],[0.018441,0.998975,-0.041339,-0.105029],[-0.36014,0.045208,0.931802,2.270011],[0.0,0.0,0.0,1.0]],"n_points":22000,"mono_n_points":16000},{"ply":"hm3d4_15m_f06.ply","mono_ply":"hm3d4_15m_f06_mono.ply","pred":[[0.933267,-0.001708,0.35918,0.393546],[0.018037,0.99895,-0.042117,-0.133716],[-0.358731,0.045785,0.932317,2.682527],[0.0,0.0,0.0,1.0]],"gt":[[0.932716,-0.002295,0.360604,0.397315],[0.018441,0.998975,-0.041339,-0.123885],[-0.36014,0.045208,0.931802,2.647664],[0.0,0.0,0.0,1.0]],"n_points":22000,"mono_n_points":16000},{"ply":"hm3d4_15m_f07.ply","mono_ply":"hm3d4_15m_f07_mono.ply","pred":[[0.56631,0.027896,0.82372,0.382661],[0.070336,0.994145,-0.082024,-0.130963],[-0.821185,0.104388,0.561032,2.686533],[0.0,0.0,0.0,1.0]],"gt":[[0.581694,0.026841,0.812965,0.397315],[0.073537,0.993627,-0.085423,-0.123885],[-0.810077,0.109473,0.576013,2.647664],[0.0,0.0,0.0,1.0]],"n_points":22000,"mono_n_points":16000},{"ply":"hm3d4_15m_f08.ply","mono_ply":"hm3d4_15m_f08_mono.ply","pred":[[0.575306,0.027109,0.817489,0.773837],[0.069128,0.994263,-0.081619,-0.181006],[-0.815012,0.103468,0.570132,3.072053],[0.0,0.0,0.0,1.0]],"gt":[[0.581694,0.026841,0.812965,0.776361],[0.073537,0.993627,-0.085423,-0.180886],[-0.810077,0.109473,0.576013,3.046866],[0.0,0.0,0.0,1.0]],"n_points":22000,"mono_n_points":16000},{"ply":"hm3d4_15m_f09.ply","mono_ply":"hm3d4_15m_f09_mono.ply","pred":[[0.142712,0.072069,0.987137,0.774251],[0.122257,0.988424,-0.089838,-0.180237],[-0.982185,0.133505,0.132249,3.070104],[0.0,0.0,0.0,1.0]],"gt":[[0.141071,0.074739,0.987174,0.776361],[0.131371,0.986915,-0.093493,-0.180886],[-0.981244,0.142876,0.129407,3.046866],[0.0,0.0,0.0,1.0]],"n_points":22000,"mono_n_points":16000},{"ply":"hm3d4_15m_f10.ply","mono_ply":"hm3d4_15m_f10_mono.ply","pred":[[0.141708,0.07226,0.987268,1.202422],[0.122339,0.988408,-0.089904,-0.237229],[-0.98232,0.133521,0.131225,3.260351],[0.0,0.0,0.0,1.0]],"gt":[[0.141071,0.074739,0.987174,1.201805],[0.131371,0.986915,-0.093493,-0.236697],[-0.981244,0.142876,0.129407,3.211052],[0.0,0.0,0.0,1.0]],"n_points":22000,"mono_n_points":16000},{"ply":"hm3d4_15m_f11.ply","mono_ply":"hm3d4_15m_f11_mono.ply","pred":[[-0.193113,0.114487,0.974474,1.156412],[0.16175,0.983295,-0.083469,-0.231331],[-0.967752,0.141502,-0.208405,3.274195],[0.0,0.0,0.0,1.0]],"gt":[[-0.207958,0.117113,0.971101,1.201805],[0.172751,0.981597,-0.081384,-0.236697],[-0.962762,0.150834,-0.224363,3.211052],[0.0,0.0,0.0,1.0]],"n_points":22000,"mono_n_points":16000},{"ply":"hm3d4_15m_f12.ply","mono_ply":"hm3d4_15m_f12_mono.ply","pred":[[-0.57366,0.16684,0.801922,1.158551],[0.203665,0.977342,-0.057643,-0.230116],[-0.793369,0.130256,-0.594642,3.277085],[0.0,0.0,0.0,1.0]],"gt":[[-0.568388,0.165143,0.806017,1.201805],[0.211211,0.976107,-0.05105,-0.236697],[-0.795189,0.141223,-0.589687,3.211052],[0.0,0.0,0.0,1.0]],"n_points":22000,"mono_n_points":16000},{"ply":"hm3d4_15m_f13.ply","mono_ply":"hm3d4_15m_f13_mono.ply","pred":[[-0.118694,0.104575,0.987409,1.157719],[0.151212,0.984743,-0.086116,-0.230066],[-0.981349,0.139087,-0.132696,3.277045],[0.0,0.0,0.0,1.0]],"gt":[[-0.133648,0.107785,0.98515,1.201805],[0.164247,0.98273,-0.085238,-0.236697],[-0.977324,0.150416,-0.149043,3.211052],[0.0,0.0,0.0,1.0]],"n_points":22000,"mono_n_points":16000},{"ply":"hm3d4_15m_f14.ply","mono_ply":"hm3d4_15m_f14_mono.ply","pred":[[-0.515734,0.157644,0.842121,1.151397],[0.19577,0.978605,-0.0633,-0.227322],[-0.834082,0.132216,-0.535562,3.284056],[0.0,0.0,0.0,1.0]],"gt":[[-0.514755,0.157647,0.842719,1.201805],[0.205837,0.976924,-0.057022,-0.236697],[-0.832261,0.144111,-0.535326,3.211052],[0.0,0.0,0.0,1.0]],"n_points":22000,"mono_n_points":16000},{"ply":"hm3d4_15m_f15.ply","mono_ply":"hm3d4_15m_f15_mono.ply","pred":[[-0.505015,0.156211,0.848857,1.709794],[0.194912,0.978721,-0.064149,-0.291656],[-0.840815,0.133056,-0.524716,3.200554],[0.0,0.0,0.0,1.0]],"gt":[[-0.514755,0.157647,0.842719,1.760478],[0.205837,0.976924,-0.057022,-0.299544],[-0.832261,0.144111,-0.535326,3.06371],[0.0,0.0,0.0,1.0]],"n_points":22000,"mono_n_points":16000},{"ply":"hm3d4_15m_f16.ply","mono_ply":"hm3d4_15m_f16_mono.ply","pred":[[-0.229877,0.117772,0.966068,1.721751],[0.163722,0.983183,-0.080901,-0.292762],[-0.95935,0.13957,-0.245293,3.19514],[0.0,0.0,0.0,1.0]],"gt":[[-0.240997,0.121316,0.962914,1.760478],[0.176477,0.981094,-0.079438,-0.299544],[-0.954346,0.150787,-0.257851,3.06371],[0.0,0.0,0.0,1.0]],"n_points":22000,"mono_n_points":16000},{"ply":"hm3d4_15m_f17.ply","mono_ply":"hm3d4_15m_f17_mono.ply","pred":[[-0.531533,0.15879,0.832021,1.721576],[0.197279,0.978466,-0.060707,-0.291641],[-0.823744,0.131872,-0.551413,3.20717],[0.0,0.0,0.0,1.0]],"gt":[[-0.544124,0.161733,0.823268,1.760478],[0.208798,0.976476,-0.05383,-0.299544],[-0.812608,0.142607,-0.565094,3.06371],[0.0,0.0,0.0,1.0]],"n_points":22000,"mono_n_points":16000},{"ply":"hm3d4_15m_f18.ply","mono_ply":"hm3d4_15m_f18_mono.ply","pred":[[-0.108609,0.101682,0.98887,1.721854],[0.152132,0.984737,-0.084548,-0.291184],[-0.982375,0.141256,-0.12242,3.207697],[0.0,0.0,0.0,1.0]],"gt":[[-0.112869,0.105207,0.988024,1.760478],[0.161839,0.983046,-0.086189,-0.299544],[-0.980341,0.150172,-0.127982,3.06371],[0.0,0.0,0.0,1.0]],"n_points":22000,"mono_n_points":16000},{"ply":"hm3d4_15m_f19.ply","mono_ply":"hm3d4_15m_f19_mono.ply","pred":[[-0.10268,0.100689,0.989605,2.395773],[0.151255,0.984875,-0.084513,-0.370733],[-0.983147,0.141005,-0.116357,3.274427],[0.0,0.0,0.0,1.0]],"gt":[[-0.112869,0.105207,0.988024,2.298254],[0.161839,0.983046,-0.086189,-0.36511],[-0.980341,0.150172,-0.127982,3.098117],[0.0,0.0,0.0,1.0]],"n_points":22000,"mono_n_points":16000}],"metrics":{"ate_rmse_m":0.0513,"drift_pct":4.181,"per_step_rot_med":0.632,"per_step_trans_med":0.0121,"path_length_m":4.82}}