{"name":"nclt","display":"NCLT (5-cam rig)","task":"rig","scene":"nclt","traj":"2012-08-20","n_cams":5,"mono_cam":4,"extrinsics":[[[1.0,-0.0,0.0,0.0],[-0.0,1.0,0.0,0.0],[0.0,-0.0,1.0,0.0],[0.0,0.0,0.0,1.0]],[[0.311241,-0.001178,-0.95033,-0.040731],[-0.001637,0.999997,-0.001776,0.000188],[0.95033,0.002108,0.311238,-0.027391],[0.0,0.0,0.0,1.0]],[[-0.807205,0.000715,-0.59027,-0.02774],[-0.000261,0.999999,0.001569,0.000561],[0.590271,0.00142,-0.807204,-0.074611],[0.0,0.0,0.0,1.0]],[[-0.811257,-0.006129,0.584658,0.021575],[-0.001627,0.999965,0.008224,0.001162],[-0.584688,0.005721,-0.811238,-0.076795],[0.0,0.0,0.0,1.0]],[[0.30601,-0.004926,0.952015,0.038761],[0.005222,0.99998,0.003495,0.000862],[-0.952014,0.003902,0.30603,-0.030732],[0.0,0.0,0.0,1.0]]],"frames":[{"ply":"nclt_f00.ply","mono_ply":"nclt_f00_mono.ply","pred":[[1.0,0.0,0.0,0.0],[0.0,1.0,0.0,0.0],[0.0,0.0,1.0,0.0],[0.0,0.0,0.0,1.0]],"gt":[[1.0,0.0,-0.0,-0.0],[0.0,1.0,-0.0,-0.0],[0.0,0.0,1.0,0.0],[0.0,0.0,0.0,1.0]],"n_points":22000,"mono_n_points":16000},{"ply":"nclt_f01.ply","mono_ply":"nclt_f01_mono.ply","pred":[[0.987665,0.059977,-0.144639,1.36835],[-0.052228,0.997019,0.056794,-0.160976],[0.147614,-0.048539,0.987853,0.623513],[0.0,0.0,0.0,1.0]],"gt":[[0.985867,0.053892,-0.158628,1.32584],[-0.047348,0.997876,0.044747,-0.139398],[0.160702,-0.036603,0.986324,0.579336],[0.0,0.0,0.0,1.0]],"n_points":22000,"mono_n_points":16000},{"ply":"nclt_f02.ply","mono_ply":"nclt_f02_mono.ply","pred":[[0.971766,0.017952,-0.235263,2.522233],[-0.011446,0.999514,0.028989,-0.257076],[0.235669,-0.025477,0.971499,1.250225],[0.0,0.0,0.0,1.0]],"gt":[[0.970316,2.3e-05,-0.241841,2.44906],[0.004198,0.999848,0.016938,-0.211165],[0.241805,-0.01745,0.970168,1.239041],[0.0,0.0,0.0,1.0]],"n_points":22000,"mono_n_points":16000},{"ply":"nclt_f03.ply","mono_ply":"nclt_f03_mono.ply","pred":[[0.997341,-0.030619,-0.066134,3.621675],[0.031347,0.999458,0.010005,-0.359802],[0.065792,-0.012052,0.997761,1.741715],[0.0,0.0,0.0,1.0]],"gt":[[0.996598,-0.043414,-0.070061,3.59168],[0.044241,0.998968,0.010308,-0.293129],[0.069541,-0.013372,0.997489,1.801148],[0.0,0.0,0.0,1.0]],"n_points":22000,"mono_n_points":16000},{"ply":"nclt_f04.ply","mono_ply":"nclt_f04_mono.ply","pred":[[0.977233,0.042355,0.207898,4.828795],[-0.044668,0.998981,0.006443,-0.487692],[-0.207413,-0.015583,0.978129,2.086585],[0.0,0.0,0.0,1.0]],"gt":[[0.980452,0.042672,0.192074,4.78644],[-0.043002,0.999072,-0.002453,-0.405443],[-0.192,-0.005855,0.981377,2.107824],[0.0,0.0,0.0,1.0]],"n_points":22000,"mono_n_points":16000},{"ply":"nclt_f05.ply","mono_ply":"nclt_f05_mono.ply","pred":[[0.896071,0.068617,0.438577,5.958691],[-0.075402,0.997151,-0.001952,-0.611428],[-0.437461,-0.031321,0.898692,2.126954],[0.0,0.0,0.0,1.0]],"gt":[[0.899567,0.061527,0.432428,5.919912],[-0.06883,0.997628,0.00124,-0.504096],[-0.431326,-0.03088,0.901668,2.062342],[0.0,0.0,0.0,1.0]],"n_points":22000,"mono_n_points":16000},{"ply":"nclt_f06.ply","mono_ply":"nclt_f06_mono.ply","pred":[[0.906419,0.075696,0.415542,7.049414],[-0.079965,0.996772,-0.007146,-0.707656],[-0.414742,-0.026752,0.909546,1.966266],[0.0,0.0,0.0,1.0]],"gt":[[0.905026,0.064158,0.420491,6.998126],[-0.065737,0.997779,-0.010754,-0.599786],[-0.420247,-0.017909,0.907233,1.903957],[0.0,0.0,0.0,1.0]],"n_points":22000,"mono_n_points":16000},{"ply":"nclt_f07.ply","mono_ply":"nclt_f07_mono.ply","pred":[[0.909861,0.095852,0.40369,7.922918],[-0.100527,0.994888,-0.009651,-0.786569],[-0.402552,-0.031801,0.914845,1.881044],[0.0,0.0,0.0,1.0]],"gt":[[0.907743,0.077419,0.412321,8.020996],[-0.080645,0.996697,-0.009601,-0.690921],[-0.411703,-0.024537,0.910988,1.826204],[0.0,0.0,0.0,1.0]],"n_points":22000,"mono_n_points":16000},{"ply":"nclt_f08.ply","mono_ply":"nclt_f08_mono.ply","pred":[[0.805466,-0.071083,0.588364,8.564219],[0.114327,0.99277,-0.036572,-0.812681],[-0.581511,0.096723,0.807769,1.630319],[0.0,0.0,0.0,1.0]],"gt":[[0.800034,-0.098167,0.591869,8.681278],[0.111666,0.993649,0.013866,-0.716654],[-0.589472,0.054998,0.805915,1.626765],[0.0,0.0,0.0,1.0]],"n_points":22000,"mono_n_points":16000},{"ply":"nclt_f09.ply","mono_ply":"nclt_f09_mono.ply","pred":[[0.77026,0.060371,0.634866,9.333243],[-0.022312,0.997451,-0.06778,-0.881035],[-0.63734,0.038044,0.769643,1.35036],[0.0,0.0,0.0,1.0]],"gt":[[0.77383,0.043157,0.631921,9.424514],[-0.02898,0.999044,-0.032741,-0.80337],[-0.63273,0.007023,0.774341,1.341114],[0.0,0.0,0.0,1.0]],"n_points":22000,"mono_n_points":16000},{"ply":"nclt_f10.ply","mono_ply":"nclt_f10_mono.ply","pred":[[0.765612,0.063916,0.64012,10.192714],[-0.024651,0.997236,-0.070091,-0.929361],[-0.642831,0.037883,0.765071,1.015325],[0.0,0.0,0.0,1.0]],"gt":[[0.769985,0.04784,0.636266,10.298457],[-0.030179,0.9988,-0.038577,-0.872602],[-0.637348,0.010501,0.770505,0.997931],[0.0,0.0,0.0,1.0]],"n_points":22000,"mono_n_points":16000},{"ply":"nclt_f11.ply","mono_ply":"nclt_f11_mono.ply","pred":[[0.749712,0.144428,0.645812,10.780357],[-0.139722,0.98844,-0.058851,-0.96395],[-0.646846,-0.046113,0.761225,0.835806],[0.0,0.0,0.0,1.0]],"gt":[[0.764648,0.162602,0.623598,10.794932],[-0.134931,0.986593,-0.091802,-0.918975],[-0.630164,-0.013946,0.776337,0.812736],[0.0,0.0,0.0,1.0]],"n_points":22000,"mono_n_points":16000},{"ply":"nclt_f12.ply","mono_ply":"nclt_f12_mono.ply","pred":[[0.925674,0.0719,0.371428,10.843217],[-0.060074,0.997253,-0.043329,-0.963952],[-0.373523,0.017796,0.927451,0.785976],[0.0,0.0,0.0,1.0]],"gt":[[0.938497,0.052878,0.341213,10.912943],[-0.040672,0.998254,-0.042832,-0.926177],[-0.342883,0.02632,0.939009,0.768674],[0.0,0.0,0.0,1.0]],"n_points":22000,"mono_n_points":16000},{"ply":"nclt_f13.ply","mono_ply":"nclt_f13_mono.ply","pred":[[0.998675,0.024821,-0.045093,10.734334],[-0.027193,0.998236,-0.052782,-0.948046],[0.043704,0.053938,0.997588,0.706346],[0.0,0.0,0.0,1.0]],"gt":[[0.997335,0.007172,-0.072611,10.72715],[-0.009881,0.999266,-0.037011,-0.890713],[0.072292,0.03763,0.996673,0.698983],[0.0,0.0,0.0,1.0]],"n_points":22000,"mono_n_points":16000},{"ply":"nclt_f14.ply","mono_ply":"nclt_f14_mono.ply","pred":[[0.913499,0.038889,-0.404978,10.701159],[-0.053737,0.998233,-0.025356,-0.947602],[0.403276,0.044925,0.913975,0.707821],[0.0,0.0,0.0,1.0]],"gt":[[0.903401,0.027075,-0.427942,10.642938],[-0.032344,0.999464,-0.005045,-0.892261],[0.427576,0.018399,0.903792,0.725744],[0.0,0.0,0.0,1.0]],"n_points":22000,"mono_n_points":16000},{"ply":"nclt_f15.ply","mono_ply":"nclt_f15_mono.ply","pred":[[0.682136,0.065546,-0.728282,10.688568],[-0.058637,0.99767,0.034869,-0.954909],[0.72887,0.018919,0.684391,0.825814],[0.0,0.0,0.0,1.0]],"gt":[[0.660881,0.070366,-0.747185,10.598143],[-0.04347,0.997512,0.055491,-0.880418],[0.749231,-0.004193,0.662296,0.778305],[0.0,0.0,0.0,1.0]],"n_points":22000,"mono_n_points":16000},{"ply":"nclt_f16.ply","mono_ply":"nclt_f16_mono.ply","pred":[[0.336469,0.048153,-0.940463,10.683364],[-0.053168,0.99807,0.032081,-0.9519],[0.940193,0.039208,0.338379,0.749636],[0.0,0.0,0.0,1.0]],"gt":[[0.321964,0.042743,-0.945786,10.603334],[-0.01861,0.999073,0.038816,-0.878684],[0.946569,0.005104,0.322461,0.713801],[0.0,0.0,0.0,1.0]],"n_points":22000,"mono_n_points":16000},{"ply":"nclt_f17.ply","mono_ply":"nclt_f17_mono.ply","pred":[[-0.049817,0.033806,-0.998186,10.67025],[-0.051691,0.998,0.036379,-0.954137],[0.99742,0.053409,-0.04797,0.747241],[0.0,0.0,0.0,1.0]],"gt":[[-0.058506,0.026709,-0.99793,10.60193],[-0.008481,0.999593,0.027251,-0.879289],[0.998251,0.010058,-0.058256,0.695406],[0.0,0.0,0.0,1.0]],"n_points":22000,"mono_n_points":16000},{"ply":"nclt_f18.ply","mono_ply":"nclt_f18_mono.ply","pred":[[-0.40149,0.021466,-0.915612,10.56603],[-0.062366,0.996764,0.050715,-0.953432],[0.913738,0.077464,-0.398852,0.880754],[0.0,0.0,0.0,1.0]],"gt":[[-0.41798,0.008168,-0.90842,10.530839],[-0.021379,0.999594,0.018825,-0.88114],[0.908205,0.02729,-0.417636,0.799177],[0.0,0.0,0.0,1.0]],"n_points":22000,"mono_n_points":16000},{"ply":"nclt_f19.ply","mono_ply":"nclt_f19_mono.ply","pred":[[-0.694886,0.011076,-0.719035,10.24625],[-0.069467,0.994171,0.082448,-0.934222],[0.715757,0.107241,-0.690066,1.079325],[0.0,0.0,0.0,1.0]],"gt":[[-0.707731,-0.011335,-0.706391,10.213738],[-0.050404,0.998133,0.034484,-0.86365],[0.704681,0.06001,-0.706982,1.048435],[0.0,0.0,0.0,1.0]],"n_points":22000,"mono_n_points":16000}],"metrics":{"ate_rmse_m":0.0731,"drift_pct":0.664,"per_step_rot_med":0.907,"per_step_trans_med":0.0574,"path_length_m":12.6},"recon":"mapany_joint","clip_radius_m":30.0}