{"name":"tartanground","display":"TartanGround (4-cam rig)","task":"rig","scene":"HQWesternSaloon","traj":"P0001_omni","n_cams":4,"mono_cam":0,"extrinsics":[[[1.0,0.0,0.0,0.0],[0.0,1.0,0.0,0.0],[0.0,0.0,1.0,0.0],[0.0,0.0,0.0,1.0]],[[0.0,0.0,1.0,0.0],[0.0,1.0,0.0,0.0],[-1.0,0.0,0.0,0.0],[0.0,0.0,0.0,1.0]],[[-1.0,0.0,-0.0,0.0],[0.0,1.0,0.0,0.0],[0.0,0.0,-1.0,0.0],[0.0,0.0,0.0,1.0]],[[-0.0,0.0,-1.0,0.0],[0.0,1.0,0.0,0.0],[1.0,0.0,-0.0,0.0],[0.0,0.0,0.0,1.0]]],"frames":[{"ply":"tartanground_f00.ply","mono_ply":"tartanground_f00_mono.ply","pred":[[1.0,0.0,0.0,0.0],[0.0,1.0,0.0,0.0],[0.0,0.0,1.0,0.0],[0.0,0.0,0.0,1.0]],"gt":[[1.0,0.0,0.0,0.0],[0.0,1.0,0.0,0.0],[0.0,0.0,1.0,0.0],[0.0,0.0,0.0,1.0]],"n_points":22000,"mono_n_points":16000},{"ply":"tartanground_f01.ply","mono_ply":"tartanground_f01_mono.ply","pred":[[0.997427,0.000798,0.071688,0.306885],[-0.000302,0.999976,-0.006933,0.002401],[-0.071692,0.006893,0.997403,0.435147],[0.0,0.0,0.0,1.0]],"gt":[[0.998066,0.0,0.062169,0.298774],[0.0,1.0,0.0,0.007054],[-0.062169,0.0,0.998066,0.400019],[0.0,0.0,0.0,1.0]],"n_points":22000,"mono_n_points":16000},{"ply":"tartanground_f02.ply","mono_ply":"tartanground_f02_mono.ply","pred":[[0.995744,0.001508,0.092145,0.390508],[-0.000892,0.999977,-0.006718,-0.012366],[-0.092153,0.006607,0.995723,0.53303],[0.0,0.0,0.0,1.0]],"gt":[[0.996632,0.0,0.082001,0.379377],[0.0,1.0,0.0,-0.008945],[-0.082001,0.0,0.996632,0.514076],[0.0,0.0,0.0,1.0]],"n_points":22000,"mono_n_points":16000},{"ply":"tartanground_f03.ply","mono_ply":"tartanground_f03_mono.ply","pred":[[0.945457,0.002211,0.32574,0.735977],[0.000237,0.999972,-0.007474,-0.014773],[-0.325747,0.007144,0.94543,1.047366],[0.0,0.0,0.0,1.0]],"gt":[[0.945348,0.0,0.326064,0.739539],[0.0,1.0,0.0,-0.002378],[-0.326064,0.0,0.945348,1.011158],[0.0,0.0,0.0,1.0]],"n_points":22000,"mono_n_points":15999},{"ply":"tartanground_f04.ply","mono_ply":"tartanground_f04_mono.ply","pred":[[0.833884,0.002167,0.551935,1.094862],[0.001565,0.999979,-0.00629,-0.019217],[-0.551937,0.006109,0.833863,1.60435],[0.0,0.0,0.0,1.0]],"gt":[[0.832666,0.0,0.553776,1.089542],[0.0,1.0,0.0,-0.002732],[-0.553776,0.0,0.832666,1.542626],[0.0,0.0,0.0,1.0]],"n_points":22000,"mono_n_points":16000},{"ply":"tartanground_f05.ply","mono_ply":"tartanground_f05_mono.ply","pred":[[0.852738,0.001875,0.522335,1.402013],[0.000804,0.999988,-0.004903,-0.025922],[-0.522337,0.004601,0.852726,2.086208],[0.0,0.0,0.0,1.0]],"gt":[[0.851997,0.0,0.523546,1.378514],[0.0,1.0,0.0,0.001725],[-0.523546,0.0,0.851997,2.004147],[0.0,0.0,0.0,1.0]],"n_points":22000,"mono_n_points":16000},{"ply":"tartanground_f06.ply","mono_ply":"tartanground_f06_mono.ply","pred":[[0.86305,0.003108,0.505109,1.500827],[0.000266,0.999978,-0.006607,-0.029501],[-0.505119,0.005837,0.86303,2.25813],[0.0,0.0,0.0,1.0]],"gt":[[0.862476,0.0,0.506097,1.482849],[0.0,1.0,0.0,-0.006929],[-0.506097,0.0,0.862476,2.179581],[0.0,0.0,0.0,1.0]],"n_points":22000,"mono_n_points":16000},{"ply":"tartanground_f07.ply","mono_ply":"tartanground_f07_mono.ply","pred":[[0.824953,0.00381,0.565189,1.698069],[0.000425,0.999973,-0.007361,-0.028142],[-0.565202,0.006312,0.824928,2.32977],[0.0,0.0,0.0,1.0]],"gt":[[0.824708,0.0,0.565559,1.685779],[0.0,1.0,0.0,-0.003177],[-0.565559,0.0,0.824708,2.26038],[0.0,0.0,0.0,1.0]],"n_points":22000,"mono_n_points":16000},{"ply":"tartanground_f08.ply","mono_ply":"tartanground_f08_mono.ply","pred":[[0.805964,0.005238,0.591941,2.066533],[0.00024,0.999958,-0.009176,-0.032956],[-0.591964,0.007537,0.805929,2.284582],[0.0,0.0,0.0,1.0]],"gt":[[0.806919,0.0,0.590662,2.05715],[0.0,1.0,0.0,0.002802],[-0.590662,0.0,0.806919,2.230137],[0.0,0.0,0.0,1.0]],"n_points":22000,"mono_n_points":16000},{"ply":"tartanground_f09.ply","mono_ply":"tartanground_f09_mono.ply","pred":[[0.726542,0.005627,0.687099,2.886975],[0.001189,0.999955,-0.009445,-0.031765],[-0.687121,0.007679,0.726502,2.006064],[0.0,0.0,0.0,1.0]],"gt":[[0.718423,0.0,0.695607,2.846261],[0.0,1.0,0.0,0.001194],[-0.695607,0.0,0.718423,2.010643],[0.0,0.0,0.0,1.0]],"n_points":22000,"mono_n_points":16000},{"ply":"tartanground_f10.ply","mono_ply":"tartanground_f10_mono.ply","pred":[[0.568984,0.005884,0.822327,3.788466],[0.003006,0.999953,-0.009234,-0.045179],[-0.822343,0.007726,0.568939,1.895344],[0.0,0.0,0.0,1.0]],"gt":[[0.568204,0.0,0.822887,3.695544],[0.0,1.0,0.0,-0.003312],[-0.822887,0.0,0.568204,1.870035],[0.0,0.0,0.0,1.0]],"n_points":22000,"mono_n_points":16000},{"ply":"tartanground_f11.ply","mono_ply":"tartanground_f11_mono.ply","pred":[[0.397614,0.008689,0.917511,4.625802],[0.004725,0.999923,-0.011517,-0.052327],[-0.91754,0.008914,0.397542,1.884114],[0.0,0.0,0.0,1.0]],"gt":[[0.39851,0.0,0.917164,4.535581],[0.0,1.0,0.0,-0.006854],[-0.917164,0.0,0.39851,1.885187],[0.0,0.0,0.0,1.0]],"n_points":22000,"mono_n_points":16000},{"ply":"tartanground_f12.ply","mono_ply":"tartanground_f12_mono.ply","pred":[[0.380855,0.008673,0.924594,4.830686],[0.004385,0.999928,-0.011186,-0.054395],[-0.924624,0.008315,0.380789,1.912291],[0.0,0.0,0.0,1.0]],"gt":[[0.379072,0.0,0.925367,4.72709],[0.0,1.0,0.0,0.003227],[-0.925367,0.0,0.379072,1.89928],[0.0,0.0,0.0,1.0]],"n_points":22000,"mono_n_points":16000},{"ply":"tartanground_f13.ply","mono_ply":"tartanground_f13_mono.ply","pred":[[0.197898,0.00876,0.980183,5.60031],[0.005907,0.999931,-0.010129,-0.064657],[-0.980205,0.007794,0.197832,2.068848],[0.0,0.0,0.0,1.0]],"gt":[[0.195854,0.0,0.980633,5.474483],[0.0,1.0,0.0,0.000168],[-0.980633,0.0,0.195854,2.027574],[0.0,0.0,0.0,1.0]],"n_points":22000,"mono_n_points":16000},{"ply":"tartanground_f14.ply","mono_ply":"tartanground_f14_mono.ply","pred":[[0.239121,0.008126,0.970956,6.010778],[0.005199,0.99994,-0.009649,-0.070313],[-0.970976,0.007356,0.239065,2.159936],[0.0,0.0,0.0,1.0]],"gt":[[0.239123,0.0,0.970989,5.884135],[0.0,1.0,0.0,0.006859],[-0.970989,0.0,0.239123,2.122632],[0.0,0.0,0.0,1.0]],"n_points":22000,"mono_n_points":16000},{"ply":"tartanground_f15.ply","mono_ply":"tartanground_f15_mono.ply","pred":[[0.2998,0.007151,0.953975,6.460538],[0.004209,0.999952,-0.008819,-0.076854],[-0.953993,0.00666,0.299756,2.281067],[0.0,0.0,0.0,1.0]],"gt":[[0.286903,0.0,0.95796,6.328959],[0.0,1.0,0.0,0.010002],[-0.95796,0.0,0.286903,2.239966],[0.0,0.0,0.0,1.0]],"n_points":22000,"mono_n_points":16000},{"ply":"tartanground_f16.ply","mono_ply":"tartanground_f16_mono.ply","pred":[[0.202922,0.008527,0.979158,6.415777],[0.004655,0.999943,-0.009673,-0.073734],[-0.979184,0.006521,0.20287,1.573663],[0.0,0.0,0.0,1.0]],"gt":[[0.190556,0.0,0.981676,6.276935],[0.0,1.0,0.0,0.007665],[-0.981676,0.0,0.190556,1.621127],[0.0,0.0,0.0,1.0]],"n_points":22000,"mono_n_points":16000},{"ply":"tartanground_f17.ply","mono_ply":"tartanground_f17_mono.ply","pred":[[0.107938,0.009508,0.994112,6.215408],[0.005206,0.999935,-0.010129,-0.067005],[-0.994144,0.006269,0.107881,1.105046],[0.0,0.0,0.0,1.0]],"gt":[[0.100485,0.0,0.994939,6.100322],[0.0,1.0,0.0,0.003992],[-0.994939,0.0,0.100485,1.225707],[0.0,0.0,0.0,1.0]],"n_points":22000,"mono_n_points":16000},{"ply":"tartanground_f18.ply","mono_ply":"tartanground_f18_mono.ply","pred":[[0.03196,0.01312,0.999403,6.064238],[0.00558,0.999896,-0.013305,-0.073494],[-0.999473,0.006002,0.031883,0.876505],[0.0,0.0,0.0,1.0]],"gt":[[0.014576,0.0,0.999894,5.972725],[0.0,1.0,0.0,-0.002641],[-0.999894,0.0,0.014576,1.035723],[0.0,0.0,0.0,1.0]],"n_points":22000,"mono_n_points":16000},{"ply":"tartanground_f19.ply","mono_ply":"tartanground_f19_mono.ply","pred":[[-0.183731,0.013068,0.98289,5.512514],[0.007829,0.9999,-0.011831,-0.070399],[-0.982945,0.005521,-0.183814,0.155207],[0.0,0.0,0.0,1.0]],"gt":[[-0.174392,0.0,0.984676,5.538553],[0.0,1.0,0.0,-0.025145],[-0.984676,0.0,-0.174392,0.421219],[0.0,0.0,0.0,1.0]],"n_points":22000,"mono_n_points":16000}],"metrics":{"ate_rmse_m":0.0888,"drift_pct":2.819,"per_step_rot_med":0.17,"per_step_trans_med":0.0286,"path_length_m":9.62}}