{"name":"zjh_sim","display":"ZJH (sim, 4-cam rig)","task":"rig","scene":"hotel_meeting_room_2026-05-08-","traj":"scene_1","n_cams":4,"mono_cam":0,"extrinsics":[[[1.0,-0.0,-0.0,0.0],[-0.0,1.0,-0.0,0.0],[0.0,0.0,1.0,-0.0],[0.0,0.0,0.0,1.0]],[[0.995076,-0.043143,-0.08924,0.051017],[0.039913,0.998493,-0.037663,0.008805],[0.090731,0.033916,0.995297,-0.035162],[0.0,0.0,0.0,1.0]],[[0.362959,-0.084579,0.927959,0.113825],[0.059851,0.995932,0.067365,0.039551],[-0.929881,0.031088,0.366545,-0.061536],[0.0,0.0,0.0,1.0]],[[0.25595,-0.097364,-0.961774,-0.043341],[0.056743,0.994712,-0.085598,0.048786],[0.965022,-0.032665,0.260122,-0.080678],[0.0,0.0,0.0,1.0]]],"frames":[{"ply":"zjh_sim_f00.ply","mono_ply":"zjh_sim_f00_mono.ply","pred":[[1.0,0.0,0.0,0.0],[0.0,1.0,0.0,0.0],[0.0,0.0,1.0,0.0],[0.0,0.0,0.0,1.0]],"gt":[[1.0,-0.0,-0.0,0.0],[-0.0,1.0,0.0,0.0],[-0.0,-0.0,1.0,0.0],[0.0,0.0,0.0,1.0]],"n_points":22000,"mono_n_points":16000},{"ply":"zjh_sim_f01.ply","mono_ply":"zjh_sim_f01_mono.ply","pred":[[0.999817,0.018106,0.006098,-0.012138],[-0.018001,0.999695,-0.016883,-0.00131],[-0.006402,0.01677,0.999839,0.06032],[0.0,0.0,0.0,1.0]],"gt":[[0.999886,0.012312,0.008727,-0.006247],[-0.012163,0.999783,-0.016942,-0.009337],[-0.008934,0.016833,0.999818,0.03275],[0.0,0.0,0.0,1.0]],"n_points":21999,"mono_n_points":16000},{"ply":"zjh_sim_f02.ply","mono_ply":"zjh_sim_f02_mono.ply","pred":[[0.995841,-0.090957,0.005239,0.03129],[0.090953,0.995855,0.00107,0.007866],[-0.005315,-0.000589,0.999986,0.176951],[0.0,0.0,0.0,1.0]],"gt":[[0.99516,-0.096327,0.019441,0.036944],[0.096261,0.995347,0.004274,-0.006278],[-0.019762,-0.002382,0.999802,0.126836],[0.0,0.0,0.0,1.0]],"n_points":22000,"mono_n_points":16000},{"ply":"zjh_sim_f03.ply","mono_ply":"zjh_sim_f03_mono.ply","pred":[[0.999937,0.005515,-0.009764,-0.023459],[-0.005498,0.999983,0.001797,0.013151],[0.009773,-0.001743,0.999951,0.274737],[0.0,0.0,0.0,1.0]],"gt":[[0.999985,-0.005295,0.00113,-0.013122],[0.005293,0.999984,0.002231,-0.0052],[-0.001142,-0.002225,0.999997,0.229309],[0.0,0.0,0.0,1.0]],"n_points":22000,"mono_n_points":16000},{"ply":"zjh_sim_f04.ply","mono_ply":"zjh_sim_f04_mono.ply","pred":[[0.998877,-0.047277,-0.003251,-0.008804],[0.047298,0.998857,0.006915,0.018785],[0.002921,-0.007061,0.999971,0.385748],[0.0,0.0,0.0,1.0]],"gt":[[0.998034,-0.060536,0.016247,0.001157],[0.060368,0.99812,0.010618,-0.002239],[-0.016859,-0.009617,0.999812,0.341717],[0.0,0.0,0.0,1.0]],"n_points":22000,"mono_n_points":16000},{"ply":"zjh_sim_f05.ply","mono_ply":"zjh_sim_f05_mono.ply","pred":[[0.999416,-0.028834,-0.01834,-0.032542],[0.028925,0.999571,0.004731,0.02278],[0.018195,-0.005258,0.999821,0.484926],[0.0,0.0,0.0,1.0]],"gt":[[0.999049,-0.043594,-0.001113,-0.015047],[0.043603,0.999005,0.009387,0.002393],[0.000702,-0.009426,0.999955,0.451672],[0.0,0.0,0.0,1.0]],"n_points":22000,"mono_n_points":16000},{"ply":"zjh_sim_f06.ply","mono_ply":"zjh_sim_f06_mono.ply","pred":[[0.999992,0.003921,-0.000617,-0.054703],[-0.00392,0.999992,0.001087,0.025957],[0.000621,-0.001085,0.999999,0.592264],[0.0,0.0,0.0,1.0]],"gt":[[0.999721,-0.013476,0.019417,-0.034059],[0.013432,0.999907,0.002387,0.003826],[-0.019447,-0.002126,0.999809,0.562623],[0.0,0.0,0.0,1.0]],"n_points":22000,"mono_n_points":16000},{"ply":"zjh_sim_f07.ply","mono_ply":"zjh_sim_f07_mono.ply","pred":[[0.998661,-0.051387,-0.006022,-0.041806],[0.051445,0.998627,0.009875,0.034883],[0.005507,-0.010172,0.999933,0.7136],[0.0,0.0,0.0,1.0]],"gt":[[0.997757,-0.064989,0.016044,-0.008543],[0.06475,0.997789,0.014953,0.008295],[-0.01698,-0.01388,0.999759,0.682122],[0.0,0.0,0.0,1.0]],"n_points":22000,"mono_n_points":16000},{"ply":"zjh_sim_f08.ply","mono_ply":"zjh_sim_f08_mono.ply","pred":[[0.999074,-0.031441,-0.029367,-0.064452],[0.031642,0.999479,0.006411,0.03781],[0.029151,-0.007334,0.999548,0.823329],[0.0,0.0,0.0,1.0]],"gt":[[0.998622,-0.052467,-0.000981,-0.02294],[0.052473,0.998589,0.008196,0.005028],[0.00055,-0.008236,0.999966,0.79218],[0.0,0.0,0.0,1.0]],"n_points":22000,"mono_n_points":16000},{"ply":"zjh_sim_f09.ply","mono_ply":"zjh_sim_f09_mono.ply","pred":[[0.999933,0.003079,-0.011176,-0.088816],[-0.003179,0.999955,-0.008918,0.036904],[0.011148,0.008953,0.999898,0.944337],[0.0,0.0,0.0,1.0]],"gt":[[0.999674,-0.015969,0.019927,-0.042857],[0.016056,0.999862,-0.004218,0.000546],[-0.019856,0.004537,0.999793,0.902982],[0.0,0.0,0.0,1.0]],"n_points":22000,"mono_n_points":16000},{"ply":"zjh_sim_f10.ply","mono_ply":"zjh_sim_f10_mono.ply","pred":[[0.996983,-0.070048,-0.033422,-0.077568],[0.069772,0.997519,-0.009374,0.039934],[0.033996,0.007014,0.999397,1.03365],[0.0,0.0,0.0,1.0]],"gt":[[0.995985,-0.089508,0.001398,-0.023604],[0.089514,0.995972,-0.005147,-0.001839],[-0.000932,0.005252,0.999986,1.014799],[0.0,0.0,0.0,1.0]],"n_points":22000,"mono_n_points":16000},{"ply":"zjh_sim_f11.ply","mono_ply":"zjh_sim_f11_mono.ply","pred":[[0.999128,0.036827,-0.019689,-0.135443],[-0.037259,0.999063,-0.022037,0.044576],[0.018859,0.022751,0.999563,1.124571],[0.0,0.0,0.0,1.0]],"gt":[[0.999832,0.013982,0.011878,-0.078002],[-0.013782,0.999765,-0.016758,0.000693],[-0.012109,0.016591,0.999789,1.123336],[0.0,0.0,0.0,1.0]],"n_points":22000,"mono_n_points":16000},{"ply":"zjh_sim_f12.ply","mono_ply":"zjh_sim_f12_mono.ply","pred":[[0.99647,-0.07664,-0.034265,-0.094946],[0.076208,0.996997,-0.013748,0.051083],[0.035216,0.011088,0.999318,1.265676],[0.0,0.0,0.0,1.0]],"gt":[[0.994571,-0.103404,0.011691,-0.033015],[0.103498,0.994599,-0.007777,0.00538],[-0.010823,0.008945,0.999901,1.237374],[0.0,0.0,0.0,1.0]],"n_points":22000,"mono_n_points":16000},{"ply":"zjh_sim_f13.ply","mono_ply":"zjh_sim_f13_mono.ply","pred":[[0.997884,0.051421,-0.039789,-0.170238],[-0.052431,0.998317,-0.02477,0.055345],[0.038448,0.026803,0.998901,1.373482],[0.0,0.0,0.0,1.0]],"gt":[[0.999706,0.024027,0.003156,-0.099111],[-0.023959,0.999515,-0.019869,0.009249],[-0.003632,0.019787,0.999798,1.344716],[0.0,0.0,0.0,1.0]],"n_points":22000,"mono_n_points":16000},{"ply":"zjh_sim_f14.ply","mono_ply":"zjh_sim_f14_mono.ply","pred":[[0.999682,0.010718,-0.022817,-0.159165],[-0.010782,0.999938,-0.002685,0.068212],[0.022787,0.002931,0.999736,1.452428],[0.0,0.0,0.0,1.0]],"gt":[[0.999647,-0.018914,0.018647,-0.073042],[0.018852,0.999816,0.003486,0.014736],[-0.01871,-0.003133,0.99982,1.459034],[0.0,0.0,0.0,1.0]],"n_points":22000,"mono_n_points":16000},{"ply":"zjh_sim_f15.ply","mono_ply":"zjh_sim_f15_mono.ply","pred":[[0.997404,-0.063826,-0.033324,-0.143582],[0.063656,0.997953,-0.006156,0.070607],[0.033648,0.004018,0.999426,1.580888],[0.0,0.0,0.0,1.0]],"gt":[[0.9955,-0.094743,0.001819,-0.049936],[0.094747,0.995499,-0.002279,0.00972],[-0.001595,0.002441,0.999996,1.570996],[0.0,0.0,0.0,1.0]],"n_points":22000,"mono_n_points":16000},{"ply":"zjh_sim_f16.ply","mono_ply":"zjh_sim_f16_mono.ply","pred":[[0.998033,0.05235,-0.034485,-0.211641],[-0.053285,0.99822,-0.026785,0.070213],[0.033021,0.028569,0.999046,1.685962],[0.0,0.0,0.0,1.0]],"gt":[[0.999786,0.016443,0.012584,-0.10259],[-0.01618,0.999654,-0.020739,0.006043],[-0.01292,0.020531,0.999706,1.679581],[0.0,0.0,0.0,1.0]],"n_points":22000,"mono_n_points":16000},{"ply":"zjh_sim_f17.ply","mono_ply":"zjh_sim_f17_mono.ply","pred":[[0.996771,-0.075577,-0.027132,-0.174547],[0.075179,0.997051,-0.015399,0.077083],[0.028216,0.01331,0.999513,1.824285],[0.0,0.0,0.0,1.0]],"gt":[[0.994025,-0.108512,0.011774,-0.059057],[0.108672,0.993979,-0.013976,0.005181],[-0.010186,0.015172,0.999833,1.793545],[0.0,0.0,0.0,1.0]],"n_points":22000,"mono_n_points":16000},{"ply":"zjh_sim_f18.ply","mono_ply":"zjh_sim_f18_mono.ply","pred":[[0.997533,0.062882,-0.031185,-0.248103],[-0.063744,0.997588,-0.027481,0.083434],[0.029381,0.029401,0.999136,1.923512],[0.0,0.0,0.0,1.0]],"gt":[[0.999731,0.023061,0.002571,-0.128904],[-0.023002,0.999513,-0.021105,0.009958],[-0.003057,0.02104,0.999774,1.900863],[0.0,0.0,0.0,1.0]],"n_points":22000,"mono_n_points":16000},{"ply":"zjh_sim_f19.ply","mono_ply":"zjh_sim_f19_mono.ply","pred":[[0.997743,-0.065934,-0.012681,-0.204226],[0.065817,0.997787,-0.009422,0.092348],[0.013275,0.008566,0.999875,2.061212],[0.0,0.0,0.0,1.0]],"gt":[[0.994253,-0.10525,0.019563,-0.076002],[0.105382,0.994415,-0.005811,0.01613],[-0.018842,0.007839,0.999792,2.016055],[0.0,0.0,0.0,1.0]],"n_points":22000,"mono_n_points":16000}],"metrics":{"ate_rmse_m":0.0165,"drift_pct":7.253,"per_step_rot_med":0.364,"per_step_trans_med":0.0118,"path_length_m":2.15}}