{"name":"zjh_real","display":"ZJH (real, 4-cam rig)","task":"rig","scene":"REAL_new_1","traj":"traj_000","n_cams":4,"mono_cam":0,"extrinsics":[[[1.0,0.0,0.0,0.0],[-0.0,1.0,0.0,0.0],[0.0,0.0,1.0,0.0],[0.0,0.0,0.0,1.0]],[[0.99999,-0.001731,0.004054,0.05327],[0.001759,0.999976,-0.006711,0.000129],[-0.004042,0.006718,0.999969,-0.006231],[0.0,0.0,0.0,1.0]],[[0.341769,-0.007652,0.939753,0.096357],[0.005026,0.999967,0.006315,0.032805],[-0.939771,0.002565,0.341796,-0.049879],[0.0,0.0,0.0,1.0]],[[0.342369,-0.007,-0.939539,-0.042809],[-0.002862,0.99996,-0.008493,0.027289],[0.939561,0.005596,0.342335,-0.052504],[0.0,0.0,0.0,1.0]]],"frames":[{"ply":"zjh_real_f00.ply","mono_ply":"zjh_real_f00_mono.ply","pred":[[1.0,0.0,0.0,0.0],[0.0,1.0,0.0,0.0],[0.0,0.0,1.0,0.0],[0.0,0.0,0.0,1.0]],"gt":[[1.0,0.0,-0.0,-0.0],[-0.0,1.0,-0.0,-0.0],[0.0,-0.0,1.0,0.0],[0.0,0.0,0.0,1.0]],"n_points":22000,"mono_n_points":16000},{"ply":"zjh_real_f01.ply","mono_ply":"zjh_real_f01_mono.ply","pred":[[-0.384887,0.01236,-0.922881,-1.321942],[-0.050427,0.998135,0.034399,-0.021537],[0.921585,0.059778,-0.383546,0.72736],[0.0,0.0,0.0,1.0]],"gt":[[-0.393082,0.025068,-0.919162,-1.086193],[-0.051244,0.997478,0.049118,-0.038213],[0.918075,0.066409,-0.390806,0.607799],[0.0,0.0,0.0,1.0]],"n_points":22000,"mono_n_points":15999},{"ply":"zjh_real_f02.ply","mono_ply":"zjh_real_f02_mono.ply","pred":[[-0.546855,0.011516,-0.837148,-3.376051],[-0.052559,0.997461,0.048054,-0.031213],[0.835576,0.070278,-0.544862,-0.022062],[0.0,0.0,0.0,1.0]],"gt":[[-0.559751,0.038654,-0.827759,-2.899081],[-0.054891,0.994988,0.083582,-0.044094],[0.826841,0.092222,-0.554824,-0.101682],[0.0,0.0,0.0,1.0]],"n_points":22000,"mono_n_points":16000},{"ply":"zjh_real_f03.ply","mono_ply":"zjh_real_f03_mono.ply","pred":[[-0.996964,-0.071207,0.031507,-4.007195],[-0.067981,0.993272,0.09375,0.003467],[-0.03797,0.091324,-0.995097,-1.383448],[0.0,0.0,0.0,1.0]],"gt":[[-0.995109,-0.072652,0.066933,-3.586445],[-0.063942,0.990199,0.124163,0.003993],[-0.075298,0.119276,-0.990002,-1.313052],[0.0,0.0,0.0,1.0]],"n_points":22000,"mono_n_points":15999},{"ply":"zjh_real_f04.ply","mono_ply":"zjh_real_f04_mono.ply","pred":[[-0.33596,0.019294,0.941678,-1.910308],[0.053675,0.998558,-0.00131,0.014572],[-0.940346,0.050104,-0.336511,-2.103618],[0.0,0.0,0.0,1.0]],"gt":[[-0.338243,0.016059,0.940922,-1.916389],[0.055912,0.998431,0.003058,0.000301],[-0.939396,0.053644,-0.33861,-1.771129],[0.0,0.0,0.0,1.0]],"n_points":22000,"mono_n_points":16000},{"ply":"zjh_real_f05.ply","mono_ply":"zjh_real_f05_mono.ply","pred":[[-0.966377,-0.040207,0.253966,-0.631297],[-0.023252,0.997317,0.069412,0.123672],[-0.256075,0.061173,-0.964719,-4.232551],[0.0,0.0,0.0,1.0]],"gt":[[-0.965135,-0.03892,0.258843,-0.997578],[-0.019691,0.996877,0.076473,0.065593],[-0.261011,0.06871,-0.962887,-3.733585],[0.0,0.0,0.0,1.0]],"n_points":22000,"mono_n_points":16000},{"ply":"zjh_real_f06.ply","mono_ply":"zjh_real_f06_mono.ply","pred":[[-0.998093,-0.005349,0.061488,-0.556933],[-0.001049,0.997564,0.069745,0.197036],[-0.061712,0.069547,-0.995668,-6.719648],[0.0,0.0,0.0,1.0]],"gt":[[-0.997443,-0.006986,0.071131,-0.894582],[-0.001864,0.997416,0.071815,0.111575],[-0.071449,0.071499,-0.994878,-5.886056],[0.0,0.0,0.0,1.0]],"n_points":22000,"mono_n_points":16000},{"ply":"zjh_real_f07.ply","mono_ply":"zjh_real_f07_mono.ply","pred":[[-0.974866,-0.04433,0.218336,-0.110507],[-0.024476,0.995383,0.092813,0.309944],[-0.221442,0.085136,-0.97145,-9.30181],[0.0,0.0,0.0,1.0]],"gt":[[-0.974947,-0.046716,0.217475,-0.483901],[-0.026191,0.995006,0.096323,0.17488],[-0.220889,0.088213,-0.971301,-7.88104],[0.0,0.0,0.0,1.0]],"n_points":22000,"mono_n_points":16000},{"ply":"zjh_real_f08.ply","mono_ply":"zjh_real_f08_mono.ply","pred":[[-0.985537,-0.042044,0.164164,0.312884],[-0.025566,0.994535,0.101223,0.4208],[-0.167523,0.095562,-0.981226,-11.810306],[0.0,0.0,0.0,1.0]],"gt":[[-0.984812,-0.052729,0.165425,-0.213453],[-0.036642,0.994429,0.098839,0.224707],[-0.169715,0.091276,-0.981257,-9.888724],[0.0,0.0,0.0,1.0]],"n_points":22000,"mono_n_points":16000},{"ply":"zjh_real_f09.ply","mono_ply":"zjh_real_f09_mono.ply","pred":[[-0.975508,-0.054575,0.213088,0.492708],[-0.032567,0.99389,0.10546,0.539252],[-0.217541,0.095938,-0.971325,-14.138227],[0.0,0.0,0.0,1.0]],"gt":[[-0.979256,-0.056531,0.194583,0.030258],[-0.039245,0.995025,0.091573,0.280956],[-0.198792,0.082037,-0.976602,-11.931443],[0.0,0.0,0.0,1.0]],"n_points":22000,"mono_n_points":16000},{"ply":"zjh_real_f10.ply","mono_ply":"zjh_real_f10_mono.ply","pred":[[-0.964189,-0.023754,-0.26415,0.111657],[-0.054477,0.992482,0.1096,0.668157],[0.259561,0.120065,-0.958234,-16.443549],[0.0,0.0,0.0,1.0]],"gt":[[-0.962859,-0.028749,-0.268469,-0.312995],[-0.055795,0.994039,0.093662,0.335713],[0.264176,0.105162,-0.958724,-13.950627],[0.0,0.0,0.0,1.0]],"n_points":22000,"mono_n_points":16000},{"ply":"zjh_real_f11.ply","mono_ply":"zjh_real_f11_mono.ply","pred":[[-0.915873,-0.038006,0.399663,0.542525],[0.000228,0.995459,0.095186,0.805125],[-0.401466,0.08727,-0.911706,-18.743217],[0.0,0.0,0.0,1.0]],"gt":[[-0.911898,-0.06189,0.405723,0.097284],[-0.033042,0.996426,0.077734,0.402398],[-0.409084,0.05748,-0.910684,-15.830597],[0.0,0.0,0.0,1.0]],"n_points":22000,"mono_n_points":16000},{"ply":"zjh_real_f12.ply","mono_ply":"zjh_real_f12_mono.ply","pred":[[-0.947496,-0.060117,0.314066,1.39503],[-0.021175,0.991809,0.125963,1.001978],[-0.319066,0.112699,-0.941008,-21.468803],[0.0,0.0,0.0,1.0]],"gt":[[-0.939022,-0.06893,0.336876,0.756317],[-0.036096,0.994049,0.102784,0.48371],[-0.341956,0.084357,-0.935922,-17.988455],[0.0,0.0,0.0,1.0]],"n_points":22000,"mono_n_points":16000},{"ply":"zjh_real_f13.ply","mono_ply":"zjh_real_f13_mono.ply","pred":[[-0.85984,-0.034314,0.509409,2.59702],[0.016582,0.995336,0.095034,1.18101],[-0.510294,0.090161,-0.85526,-24.043563],[0.0,0.0,0.0,1.0]],"gt":[[-0.830768,-0.04201,0.555031,1.757813],[-0.004753,0.997647,0.068396,0.567066],[-0.556598,0.054183,-0.829013,-20.089292],[0.0,0.0,0.0,1.0]],"n_points":22000,"mono_n_points":16000},{"ply":"zjh_real_f14.ply","mono_ply":"zjh_real_f14_mono.ply","pred":[[-0.650931,-0.049184,0.757542,4.437865],[0.033035,0.995118,0.092995,1.366501],[-0.758418,0.085559,-0.646128,-26.188966],[0.0,0.0,0.0,1.0]],"gt":[[-0.610664,-0.05734,0.789811,3.384451],[0.009029,0.996806,0.07935,0.646461],[-0.791838,0.055587,-0.608196,-21.57554],[0.0,0.0,0.0,1.0]],"n_points":22000,"mono_n_points":16000},{"ply":"zjh_real_f15.ply","mono_ply":"zjh_real_f15_mono.ply","pred":[[-0.773306,-0.052714,0.631837,6.634183],[0.028197,0.992693,0.117331,1.541961],[-0.633405,0.108549,-0.766169,-28.021179],[0.0,0.0,0.0,1.0]],"gt":[[-0.729815,-0.064654,0.68058,5.248213],[0.006389,0.99483,0.101358,0.729409],[-0.683614,0.07832,-0.725629,-22.951886],[0.0,0.0,0.0,1.0]],"n_points":22000,"mono_n_points":16000},{"ply":"zjh_real_f16.ply","mono_ply":"zjh_real_f16_mono.ply","pred":[[-0.996091,-0.026118,0.084375,7.556915],[-0.016543,0.993543,0.112246,1.786444],[-0.086762,0.110411,-0.990092,-30.80408],[0.0,0.0,0.0,1.0]],"gt":[[-0.993661,-0.028076,0.108856,6.350014],[-0.021819,0.998063,0.058252,0.825324],[-0.11028,0.055507,-0.992349,-25.046626],[0.0,0.0,0.0,1.0]],"n_points":22000,"mono_n_points":16000},{"ply":"zjh_real_f17.ply","mono_ply":"zjh_real_f17_mono.ply","pred":[[0.228233,-0.037485,0.972884,9.158121],[0.058783,0.997966,0.024661,1.905278],[-0.97183,0.051561,0.229973,-31.882503],[0.0,0.0,0.0,1.0]],"gt":[[0.320306,-0.025139,0.94698,7.476488],[0.020002,0.999604,0.019771,0.886816],[-0.947103,0.012609,0.320683,-26.036363],[0.0,0.0,0.0,1.0]],"n_points":22000,"mono_n_points":16000},{"ply":"zjh_real_f18.ply","mono_ply":"zjh_real_f18_mono.ply","pred":[[0.799818,0.030062,-0.599489,8.026261],[-0.067001,0.996975,-0.039395,1.819215],[0.596491,0.071675,0.799413,-30.949601],[0.0,0.0,0.0,1.0]],"gt":[[0.737281,0.042362,-0.674257,6.501175],[-0.048982,0.998757,0.009189,0.826025],[0.673808,0.026251,0.73844,-25.050699],[0.0,0.0,0.0,1.0]],"n_points":22000,"mono_n_points":16000},{"ply":"zjh_real_f19.ply","mono_ply":"zjh_real_f19_mono.ply","pred":[[0.853485,0.010117,-0.521019,6.965083],[-0.056587,0.995699,-0.073363,1.587116],[0.518036,0.092097,0.850386,-28.357962],[0.0,0.0,0.0,1.0]],"gt":[[0.803367,0.006155,-0.595452,5.520717],[-0.033469,0.998833,-0.03483,0.72356],[0.594543,0.04791,0.802635,-22.991682],[0.0,0.0,0.0,1.0]],"n_points":22000,"mono_n_points":16000}],"metrics":{"ate_rmse_m":2.2728,"drift_pct":15.042,"per_step_rot_med":0.967,"per_step_trans_med":0.4892,"path_length_m":37.39}}