{"dataset":"hm3d","display":"HM3D (synthetic)","scene":"00841-SByzJLxpRGn","traj_a":"traj_000","traj_b":"traj_008","posesA":[[[1.0,0.0,0.0,0.0],[0.0,1.0,-0.0,0.0],[-0.0,0.0,1.0,-0.0],[0.0,0.0,0.0,1.0]],[[0.962859,0.019744,0.269281,1e-06],[-0.018927,0.999805,-0.005633,7.3e-05],[-0.26934,0.000327,0.963045,-5e-06],[0.0,0.0,0.0,1.0]],[[0.831363,0.041653,0.554167,1e-06],[-0.037941,0.999115,-0.018179,7.3e-05],[-0.554434,-0.005912,0.832207,-5e-06],[0.0,0.0,0.0,1.0]],[[0.546546,0.064961,0.834906,1e-06],[-0.054977,0.997619,-0.041632,7.3e-05],[-0.835622,-0.023147,0.548816,-5e-06],[0.0,0.0,0.0,1.0]],[[0.131015,0.080557,0.988102,1e-06],[-0.061426,0.995438,-0.073011,7.3e-05],[-0.989476,-0.051129,0.135366,-5e-06],[0.0,0.0,0.0,1.0]]],"posesB":[[[1.0,0.0,-0.0,0.0],[-0.0,1.0,-0.0,-0.0],[-0.0,-0.0,1.0,0.0],[0.0,0.0,0.0,1.0]],[[1.0,0.0,-0.0,-0.355312],[-0.0,1.0,-0.0,-0.054536],[-0.0,-0.0,1.0,0.381082],[0.0,0.0,0.0,1.0]],[[1.0,0.0,-0.0,-0.67885],[-0.0,1.0,-0.0,-0.098552],[-0.0,-0.0,1.0,0.709366],[0.0,0.0,0.0,1.0]],[[0.905479,-0.107701,0.410497,-0.67885],[0.137136,0.989625,-0.04285,-0.098552],[-0.401623,0.095094,0.910855,0.709366],[0.0,0.0,0.0,1.0]],[[0.905479,-0.107701,0.410497,-0.789758],[0.137136,0.989625,-0.04285,-0.181357],[-0.401623,0.095094,0.910855,1.046515],[0.0,0.0,0.0,1.0]]],"pred_posesA":[[[1.0,0.0,0.0,0.0],[0.0,1.0,0.0,0.0],[0.0,0.0,1.0,0.0],[0.0,0.0,0.0,1.0]],[[0.961362,0.022741,0.274348,0.013747],[-0.022162,0.999741,-0.005209,-0.002158],[-0.274395,-0.001073,0.961616,-0.01181],[0.0,0.0,0.0,1.0]],[[0.828056,0.047315,0.558646,0.01354],[-0.044406,0.998837,-0.018776,-0.001279],[-0.558885,-0.00926,0.829194,-0.009696],[0.0,0.0,0.0,1.0]],[[0.535544,0.07177,0.841452,-0.005015],[-0.063798,0.996973,-0.044431,0.000246],[-0.842094,-0.029888,0.538502,-0.008501],[0.0,0.0,0.0,1.0]],[[0.105975,0.085,0.990729,0.011936],[-0.072183,0.994369,-0.077591,0.002838],[-0.991745,-0.063291,0.111514,0.00066],[0.0,0.0,0.0,1.0]]],"pred_posesB_in_a0":[[[-0.510489,0.340121,-0.789759,-0.674898],[0.23985,0.938317,0.249064,0.28524],[0.825756,-0.062279,-0.560578,7.675222],[0.0,0.0,0.0,1.0]],[[-0.520238,0.341658,-0.782701,-0.889555],[0.239849,0.938055,0.250051,0.241271],[0.819649,-0.057644,-0.569959,7.173563],[0.0,0.0,0.0,1.0]],[[-0.521238,0.341223,-0.782226,-0.912212],[0.240452,0.938174,0.249025,0.19116],[0.818837,-0.058286,-0.57106,6.6017],[0.0,0.0,0.0,1.0]],[[-0.128015,0.318639,-0.939192,-1.012753],[0.244163,0.927963,0.281549,0.219173],[0.961247,-0.193274,-0.196593,6.841007],[0.0,0.0,0.0,1.0]],[[-0.115417,0.31284,-0.942767,-1.151051],[0.242666,0.929233,0.27864,0.183514],[0.96322,-0.196617,-0.183165,6.539123],[0.0,0.0,0.0,1.0]]],"T_rel_pred":[[-0.510489,0.340121,-0.789759,-0.674898],[0.23985,0.938317,0.249064,0.28524],[0.825756,-0.062279,-0.560578,7.675222],[0.0,0.0,0.0,1.0]],"T_rel_gt":[[-0.530465,0.336367,-0.778116,-0.664023],[0.225481,0.940827,0.252987,0.142376],[0.817169,-0.041249,-0.57492,7.482422],[0.0,0.0,0.0,1.0]],"errors":{"rot_deg":1.568,"trans_m":0.2402,"gt_rot":125.61,"gt_trans":7.513,"overlap":0.1733},"ply_a":"hm3d_A.ply","ply_b":"hm3d_B.ply","n_cams":5,"n_points_a":130000,"n_points_b":130000}