{"dataset":"nclt","display":"NCLT (real, cross-season)","scene":"nclt","traj_a":"2012-02-19_cam5_sub334","traj_b":"2012-08-20_cam2_sub316","posesA":[[[1.0,0.0,-0.0,-0.0],[0.0,1.0,-0.0,0.0],[-0.0,-0.0,1.0,0.0],[0.0,0.0,0.0,1.0]],[[0.996777,0.03095,0.074009,-0.009659],[-0.030065,0.999463,-0.013037,-0.009341],[-0.074373,0.01077,0.997172,1.092685],[0.0,0.0,0.0,1.0]],[[0.994154,-0.001591,0.107961,0.10546],[0.002125,0.999986,-0.00483,0.00626],[-0.107952,0.005031,0.994143,2.162425],[0.0,0.0,0.0,1.0]],[[0.998406,0.003651,0.05632,0.159633],[-0.00383,0.999988,0.003059,0.020706],[-0.056308,-0.00327,0.998408,3.27195],[0.0,0.0,0.0,1.0]],[[0.998832,-0.010481,0.047174,0.187142],[0.012146,0.999309,-0.035136,0.028576],[-0.046773,0.035668,0.998269,4.113401],[0.0,0.0,0.0,1.0]]],"posesB":[[[1.0,0.0,0.0,0.0],[0.0,1.0,-0.0,0.0],[-0.0,-0.0,1.0,0.0],[0.0,0.0,0.0,1.0]],[[0.990255,0.13728,0.023439,0.353238],[-0.138596,0.987926,0.069236,-0.087533],[-0.013651,-0.07181,0.997325,-0.608195],[0.0,0.0,0.0,1.0]],[[0.98175,0.164966,-0.094616,0.954791],[-0.154654,0.982092,0.107598,-0.178492],[0.110672,-0.091001,0.989682,-1.336303],[0.0,0.0,0.0,1.0]],[[0.985794,0.104351,-0.13161,1.416688],[-0.095484,0.992824,0.071994,-0.247348],[0.138178,-0.058404,0.988684,-1.76841],[0.0,0.0,0.0,1.0]],[[0.983438,0.098624,-0.152065,1.822575],[-0.089298,0.993749,0.066997,-0.304601],[0.157722,-0.052309,0.986097,-2.154567],[0.0,0.0,0.0,1.0]]],"T_rel_pred":[[-0.425903,0.026254,-0.904388,5.649289],[0.104146,0.994357,-0.02018,-0.109121],[0.898755,-0.102783,-0.426234,16.15115],[0.0,0.0,0.0,1.0]],"T_rel_gt":[[-0.399028,0.015147,-0.916814,5.616484],[0.090611,0.995621,-0.022988,-0.282132],[0.912451,-0.092246,-0.398653,16.283879],[0.0,0.0,0.0,1.0]],"errors":{"rot_deg":1.923,"trans_m":0.2205,"gt_rot":113.64,"gt_trans":17.228,"overlap":0.1757},"ply_a":"nclt_A.ply","ply_b":"nclt_B.ply","n_cams":5,"n_points_a":130000,"n_points_b":129999,"pred_posesA":[[[1.0,0.0,0.0,0.0],[0.0,1.0,0.0,0.0],[0.0,0.0,1.0,0.0],[0.0,0.0,0.0,1.0]],[[0.997446,0.019479,0.068721,0.003],[-0.019099,0.999799,-0.00617,-0.005295],[-0.068828,0.004841,0.997617,1.113328],[0.0,0.0,0.0,1.0]],[[0.993847,0.006295,0.110585,0.084902],[-0.005416,0.999951,-0.008248,-0.011345],[-0.110631,0.007598,0.993832,2.183965],[0.0,0.0,0.0,1.0]],[[0.998134,0.011172,0.060021,0.151792],[-0.010922,0.99993,-0.004483,-0.016825],[-0.060067,0.003819,0.998187,3.298207],[0.0,0.0,0.0,1.0]],[[0.998504,0.000457,0.054677,0.203458],[0.000461,0.999859,-0.016783,-0.020716],[-0.054677,0.016783,0.998363,4.121956],[0.0,0.0,0.0,1.0]]],"pred_posesB_in_a0":[[[-0.425903,0.026254,-0.904388,5.649289],[0.104146,0.994357,-0.02018,-0.109121],[0.898755,-0.102783,-0.426234,16.15115],[0.0,0.0,0.0,1.0]],[[-0.427565,0.035171,-0.9033,6.007123],[-0.009306,0.999019,0.043303,-0.117967],[0.903937,0.026921,-0.426818,16.811991],[0.0,0.0,0.0,1.0]],[[-0.522452,0.04653,-0.851398,6.439106],[-0.035218,0.99648,0.07607,-0.120846],[0.851941,0.069727,-0.518974,17.58691],[0.0,0.0,0.0,1.0]],[[-0.554332,0.039681,-0.831349,6.636583],[0.016363,0.999189,0.036781,-0.144212],[0.832135,0.006785,-0.554532,18.22193],[0.0,0.0,0.0,1.0]],[[-0.566599,0.036781,-0.823172,6.865886],[0.018223,0.999318,0.032108,-0.150022],[0.823792,0.003191,-0.566883,18.649179],[0.0,0.0,0.0,1.0]]]}