{"dataset":"zjh","display":"ZJH (sim)","scene":"sonny_evening_0407_02__scene_5","traj_a":"traj_cam1","traj_b":"traj_cam0","posesA":[[[1.0,0.0,-0.0,0.0],[0.0,1.0,0.0,-0.0],[-0.0,-0.0,1.0,0.0],[0.0,0.0,0.0,1.0]],[[0.999145,-0.030973,0.027395,0.009],[0.030884,0.999516,0.003659,0.000504],[-0.027495,-0.00281,0.999618,0.076734],[0.0,0.0,0.0,1.0]],[[0.996658,0.073158,0.036344,-0.04237],[-0.072406,0.997142,-0.021583,-0.01279],[-0.037819,0.01888,0.999106,0.129897],[0.0,0.0,0.0,1.0]],[[0.998781,0.030927,0.038463,-0.028184],[-0.031333,0.999459,0.009999,-0.006202],[-0.038133,-0.011192,0.99921,0.211213],[0.0,0.0,0.0,1.0]],[[0.996689,-0.047139,0.066255,0.00562],[0.047544,0.998859,-0.004549,-0.010081],[-0.065965,0.007684,0.997792,0.271161],[0.0,0.0,0.0,1.0]]],"posesB":[[[1.0,-0.0,0.0,0.0],[-0.0,1.0,-0.0,0.0],[0.0,0.0,1.0,-0.0],[0.0,0.0,0.0,1.0]],[[0.996475,-0.083579,0.007161,0.039252],[0.083454,0.996379,0.016233,0.001486],[-0.008492,-0.015578,0.999843,0.064183],[0.0,0.0,0.0,1.0]],[[0.991301,-0.125683,0.039076,0.06518],[0.125566,0.99207,0.005435,-0.001445],[-0.039449,-0.000481,0.999221,0.129032],[0.0,0.0,0.0,1.0]],[[0.99791,-0.038186,0.052126,0.029056],[0.037386,0.999169,0.016233,0.000789],[-0.052703,-0.01425,0.998509,0.197645],[0.0,0.0,0.0,1.0]],[[0.999047,-0.004681,0.043397,0.016869],[0.004425,0.999972,0.005977,-0.000361],[-0.043424,-0.005779,0.99904,0.263172],[0.0,0.0,0.0,1.0]]],"T_rel_pred":[[0.648743,-0.03026,0.760405,1.592162],[0.006505,0.999393,0.03422,0.021945],[-0.76098,-0.017253,0.648546,3.160241],[0.0,0.0,0.0,1.0]],"T_rel_gt":[[0.648548,-0.041983,0.760015,1.536222],[0.015285,0.998995,0.042141,-0.005321],[-0.76102,-0.015714,0.648538,3.11897],[0.0,0.0,0.0,1.0]],"errors":{"rot_deg":0.678,"trans_m":0.0747,"gt_rot":49.61,"gt_trans":3.477,"overlap":0.3},"ply_a":"zjh_A.ply","ply_b":"zjh_B.ply","n_cams":5,"n_points_a":97846,"n_points_b":97813,"pred_posesA":[[[1.0,0.0,0.0,0.0],[0.0,1.0,0.0,0.0],[0.0,0.0,1.0,0.0],[0.0,0.0,0.0,1.0]],[[0.999208,-0.032466,0.022989,0.008254],[0.032389,0.999468,0.003705,-0.003],[-0.023098,-0.002957,0.999729,0.085461],[0.0,0.0,0.0,1.0]],[[0.997006,0.070759,0.031194,-0.042416],[-0.07019,0.997353,-0.018981,-0.012453],[-0.032454,0.016735,0.999333,0.166391],[0.0,0.0,0.0,1.0]],[[0.998964,0.03013,0.034118,-0.027493],[-0.030467,0.999492,0.009397,-0.00949],[-0.033817,-0.010427,0.999374,0.238989],[0.0,0.0,0.0,1.0]],[[0.997072,-0.048085,0.059451,0.004366],[0.048469,0.998812,-0.005035,-0.012043],[-0.059138,0.007902,0.998218,0.265824],[0.0,0.0,0.0,1.0]]],"pred_posesB_in_a0":[[[0.648743,-0.03026,0.760405,1.592162],[0.006505,0.999393,0.03422,0.021945],[-0.76098,-0.017253,0.648546,3.160241],[0.0,0.0,0.0,1.0]],[[0.640284,-0.096928,0.761999,1.675127],[0.092775,0.994503,0.048547,0.028665],[-0.762515,0.039611,0.645757,3.161942],[0.0,0.0,0.0,1.0]],[[0.613156,-0.11114,0.782104,1.780532],[0.13011,0.990741,0.038784,0.030085],[-0.779173,0.077979,0.621939,3.220963],[0.0,0.0,0.0,1.0]],[[0.607892,-0.061994,0.791596,1.813107],[0.040346,0.998071,0.047181,0.034376],[-0.792994,0.003257,0.609221,3.256343],[0.0,0.0,0.0,1.0]],[[0.616054,-0.034707,0.786939,1.851178],[0.009232,0.999278,0.036844,0.034373],[-0.78765,-0.015433,0.61593,3.316579],[0.0,0.0,0.0,1.0]]]}