{"dataset":"zjh_real","display":"ZJH (real)","scene":"REAL_new_1","traj_a":"REAL_new_1__subseq_068","traj_b":"REAL_new_1__subseq_080","posesA":[[[1.0,0.0,0.0,-0.0],[0.0,1.0,0.0,-0.0],[-0.0,-0.0,1.0,-0.0],[0.0,0.0,0.0,1.0]],[[0.998981,0.031394,-0.032435,-0.037155],[-0.031351,0.999507,0.001824,-0.001351],[0.032477,-0.000806,0.999472,0.138985],[0.0,0.0,0.0,1.0]],[[0.999029,0.003111,0.043949,0.012864],[-0.004105,0.999738,0.02254,-0.010365],[-0.043868,-0.022699,0.998779,0.30277],[0.0,0.0,0.0,1.0]],[[0.999503,0.006648,0.030805,0.021334],[-0.006496,0.999966,-0.005031,-0.0152],[-0.030838,0.004829,0.999513,0.508488],[0.0,0.0,0.0,1.0]],[[0.998438,0.002465,0.055824,0.051572],[-0.00261,0.999993,0.002516,-0.027913],[-0.055818,-0.002658,0.998437,0.807562],[0.0,0.0,0.0,1.0]]],"posesB":[[[1.0,0.0,0.0,0.0],[-0.0,1.0,-0.0,0.0],[-0.0,-0.0,1.0,-0.0],[0.0,0.0,0.0,1.0]],[[0.999009,0.017521,-0.040918,-0.039593],[-0.019117,0.999059,-0.038942,-0.01656],[0.040197,0.039686,0.998403,0.249487],[0.0,0.0,0.0,1.0]],[[0.999648,0.00331,0.026324,-0.031837],[-0.003126,0.999971,-0.007043,-0.030045],[-0.026347,0.006959,0.999629,0.462088],[0.0,0.0,0.0,1.0]],[[0.990888,-0.010136,0.134304,-0.037392],[0.012017,0.999841,-0.0132,-0.04492],[-0.134148,0.014693,0.990853,0.728875],[0.0,0.0,0.0,1.0]],[[0.971417,0.004962,0.237328,-0.021547],[0.001527,0.999631,-0.027145,-0.058554],[-0.237375,0.026732,0.97105,0.974917],[0.0,0.0,0.0,1.0]]],"posesB_in_a0":[[[-0.982636,-0.009868,0.18528,1.64133],[0.00544,0.996623,0.081932,-0.438844],[-0.185463,0.081518,-0.979264,12.449817],[0.0,0.0,0.0,1.0]],[[-0.974026,-0.019722,0.225576,1.726624],[-0.010324,0.999032,0.042768,-0.435123],[-0.226201,0.039328,-0.973286,12.211496],[0.0,0.0,0.0,1.0]],[[-0.987141,-0.011831,0.159414,1.758527],[0.000164,0.997182,0.075026,-0.431101],[-0.159852,0.074087,-0.984357,12.000766],[0.0,0.0,0.0,1.0]],[[-0.998656,0.002816,0.051744,1.813562],[0.006376,0.997613,0.068758,-0.424098],[-0.051427,0.068996,-0.996291,11.739328],[0.0,0.0,0.0,1.0]],[[-0.998545,-0.009787,-0.053023,1.843714],[-0.012642,0.998472,0.053798,-0.417441],[0.052415,0.05439,-0.997143,11.494338],[0.0,0.0,0.0,1.0]]],"T_rel_gt":[[-0.982636,-0.009868,0.18528,1.64133],[0.00544,0.996623,0.081932,-0.438844],[-0.185463,0.081518,-0.979264,12.449817],[0.0,0.0,0.0,1.0]],"T_rel_pred":[[-0.980509,-0.007981,0.196314,1.919577],[0.010405,0.995663,0.092447,-0.454744],[-0.196201,0.092688,-0.976173,13.429642],[0.0,0.0,0.0,1.0]],"ply_a":"zjh_real_A.ply","ply_b":"zjh_real_B.ply","n_cams":5,"pred_posesA":[[[1.0,0.0,0.0,0.0],[0.0,1.0,0.0,0.0],[0.0,0.0,1.0,0.0],[0.0,0.0,0.0,1.0]],[[0.99883,0.034343,-0.034056,-0.048975],[-0.034325,0.99941,0.001131,-0.002718],[0.034074,4e-05,0.999419,0.144582],[0.0,0.0,0.0,1.0]],[[0.999072,0.003841,0.042911,0.004574],[-0.004784,0.999749,0.021883,-0.010861],[-0.042816,-0.022068,0.998839,0.310598],[0.0,0.0,0.0,1.0]],[[0.999524,0.0078,0.029843,0.009343],[-0.007632,0.999954,-0.005731,-0.016327],[-0.029886,0.005501,0.999538,0.515883],[0.0,0.0,0.0,1.0]],[[0.998517,0.004465,0.054259,0.038874],[-0.004567,0.999988,0.00177,-0.026709],[-0.05425,-0.002015,0.998525,0.81178],[0.0,0.0,0.0,1.0]]],"pred_posesB_in_a0":[[[-0.980509,-0.007981,0.196314,1.919577],[0.010405,0.995663,0.092447,-0.454744],[-0.196201,0.092688,-0.976173,13.429642],[0.0,0.0,0.0,1.0]],[[-0.971026,-0.01514,0.238495,2.029739],[-0.002231,0.998522,0.054303,-0.458236],[-0.238965,0.052198,-0.969624,13.265293],[0.0,0.0,0.0,1.0]],[[-0.984607,-0.008268,0.174589,2.06329],[0.006765,0.996329,0.085337,-0.449371],[-0.174654,0.085204,-0.980936,13.107351],[0.0,0.0,0.0,1.0]],[[-0.997929,0.004634,0.064164,2.161007],[0.009741,0.996786,0.07952,-0.441462],[-0.063589,0.079981,-0.994766,12.909774],[0.0,0.0,0.0,1.0]],[[-0.999204,-0.009347,-0.038778,2.139103],[-0.011784,0.997937,0.063104,-0.432279],[0.038109,0.063511,-0.997253,12.604174],[0.0,0.0,0.0,1.0]]],"errors":{"rot_deg":0.92,"trans_m":1.0187,"gt_rot":169.31,"gt_trans":12.565,"overlap":0.1149},"n_points_a":130000,"n_points_b":130000}